0000000001191706623000130000000000000PONTOFOPAG EMPRESA DA IMPLANTAÇÃO EPAYS                                                                                                               000917066230001302001202317022023200220231844
000000001301012023080011111111111
000000002301012023120011111111111
000000003301012023130011111111111
000000004301012023180011111111111
000000005302012023080011111111111
000000006302012023120011111111111
000000007302012023130011111111111
000000008302012023180011111111111
000000009303012023080011111111111
000000010303012023120011111111111
000000011303012023130011111111111
000000012303012023180011111111111
000000013304012023080011111111111
000000014304012023120011111111111
000000015304012023130011111111111
000000016304012023180011111111111
000000017305012023080011111111111
000000018305012023120011111111111
000000019305012023130011111111111
000000020305012023180011111111111
000000021308012023080011111111111
000000022308012023120011111111111
000000023308012023130011111111111
000000024308012023180011111111111
000000025309012023080011111111111
000000026309012023120011111111111
000000027309012023130011111111111
000000028309012023180011111111111
000000029310012023080011111111111
000000030310012023120011111111111
000000031310012023130011111111111
000000032310012023180011111111111